Number of Sentences    :        5100
Number of Propositions :        5100
Percentage of perfect props :   9.65

              corr.  excess  missed    prec.    rec.      F1
------------------------------------------------------------
   Overall     2988    1470    9012    67.03   24.90   36.31
----------
        A0     1141     682    1478    62.59   43.57   51.37
        A1     1241     617    3325    66.79   27.18   38.64
        A2      109      36    1081    75.17    9.16   16.33
        A3        0       0     135     0.00    0.00    0.00
        A4        2       0      99   100.00    1.98    3.88
        A5        0       0       1     0.00    0.00    0.00
    AM-ADV       23       1     293    95.83    7.28   13.53
    AM-CAU        1       0     135   100.00    0.74    1.46
    AM-DIR        0       0      11     0.00    0.00    0.00
    AM-DIS       27      10     253    72.97    9.64   17.03
    AM-EXT        2       0      65   100.00    2.99    5.80
    AM-LOC      155      40     472    79.49   24.72   37.71
    AM-MED        0       0       3     0.00    0.00    0.00
    AM-MNR       18       7     340    72.00    5.03    9.40
    AM-NEG       73      18     214    80.22   25.44   38.62
    AM-PNC        0       0     124     0.00    0.00    0.00
    AM-PRD        0       0     162     0.00    0.00    0.00
    AM-REC        0       0       8     0.00    0.00    0.00
    AM-TMP      196      59     813    76.86   19.43   31.01
------------------------------------------------------------
------------------------------------------------------------
