Number of Sentences    :        5100
Number of Propositions :        5100
Percentage of perfect props :  28.61

              corr.  excess  missed    prec.    rec.      F1
------------------------------------------------------------
   Overall     5236    1389    6764    79.03   43.63   56.23
----------
        A0     1385     486    1234    74.02   52.88   61.69
        A1     1853     555    2713    76.95   40.58   53.14
        A2      394      53     796    88.14   33.11   48.14
        A3       54       2      81    96.43   40.00   56.54
        A4       33       2      68    94.29   32.67   48.53
        A5        1       0       0   100.00  100.00  100.00
    AM-ADV      130      12     186    91.55   41.14   56.77
    AM-CAU       42       2      94    95.45   30.88   46.67
    AM-DIR        4       0       7   100.00   36.36   53.33
    AM-DIS      123      23     157    84.25   43.93   57.75
    AM-EXT       28       2      39    93.33   41.79   57.73
    AM-LOC      342      75     285    82.01   54.55   65.52
    AM-MED        2       0       1   100.00   66.67   80.00
    AM-MNR      133      11     225    92.36   37.15   52.99
    AM-NEG      105      28     182    78.95   36.59   50.00
    AM-PNC       19       1     105    95.00   15.32   26.39
    AM-PRD       73      10      89    87.95   45.06   59.59
    AM-REC        2       0       6   100.00   25.00   40.00
    AM-TMP      513     127     496    80.16   50.84   62.22
------------------------------------------------------------
------------------------------------------------------------
