Number of Sentences    :        5100
Number of Propositions :        5100
Percentage of perfect props :  53.00

              corr.  excess  missed    prec.    rec.      F1
------------------------------------------------------------
   Overall     8963    2643    3037    77.23   74.69   75.94
----------
        A0     2294     452     325    83.54   87.59   85.52
        A1     3800     663     766    85.14   83.22   84.17
        A2      699     355     491    66.32   58.74   62.30
        A3        4       0     131   100.00    2.96    5.76
        A4       20       5      81    80.00   19.80   31.75
        A5        0       0       1     0.00    0.00    0.00
    AM-ADV      168      83     148    66.93   53.16   59.26
    AM-CAU       29      27     107    51.79   21.32   30.21
    AM-DIR        0       0      11     0.00    0.00    0.00
    AM-DIS      153      39     127    79.69   54.64   64.83
    AM-EXT        7       0      60   100.00   10.45   18.92
    AM-LOC      528     377      99    58.34   84.21   68.93
    AM-MED        0       0       3     0.00    0.00    0.00
    AM-MNR      124     116     234    51.67   34.64   41.47
    AM-NEG      265      23      22    92.01   92.33   92.17
    AM-PNC       72      44      52    62.07   58.06   60.00
    AM-PRD       23      14     139    62.16   14.20   23.12
    AM-REC        0       0       8     0.00    0.00    0.00
    AM-TMP      777     445     232    63.58   77.01   69.65
------------------------------------------------------------
------------------------------------------------------------
