Number of Sentences    :        5100
Number of Propositions :        5100
Percentage of perfect props :  17.20

              corr.  excess  missed    prec.    rec.      F1
------------------------------------------------------------
   Overall     4624    1319    7376    77.81   38.53   51.54
----------
        A0     1500     438    1119    77.40   57.27   65.83
        A1     1648     676    2918    70.91   36.09   47.84
        A2      246      51     944    82.83   20.67   33.09
        A3       10       0     125   100.00    7.41   13.79
        A4       10       0      91   100.00    9.90   18.02
        A5        0       0       1     0.00    0.00    0.00
    AM-ADV       73       2     243    97.33   23.10   37.34
    AM-CAU       12       0     124   100.00    8.82   16.22
    AM-DIR        0       0      11     0.00    0.00    0.00
    AM-DIS       98       4     182    96.08   35.00   51.31
    AM-EXT        7       0      60   100.00   10.45   18.92
    AM-LOC      300      61     327    83.10   47.85   60.73
    AM-MED        0       0       3     0.00    0.00    0.00
    AM-MNR       59      14     299    80.82   16.48   27.38
    AM-NEG      196      11      91    94.69   68.29   79.35
    AM-PNC       18       1     106    94.74   14.52   25.17
    AM-PRD        4       1     158    80.00    2.47    4.79
    AM-REC        0       0       8     0.00    0.00    0.00
    AM-TMP      443      60     566    88.07   43.90   58.60
------------------------------------------------------------
------------------------------------------------------------
