Number of Sentences    :        5100
Number of Propositions :        5100
Percentage of perfect props :  62.94

              corr.  excess  missed    prec.    rec.      F1
------------------------------------------------------------
   Overall     9858    1739    2142    85.00   82.15   83.55
----------
        A0     2275     445     344    83.64   86.87   85.22
        A1     3784     512     782    88.08   82.87   85.40
        A2      831     288     359    74.26   69.83   71.98
        A3       63      20      72    75.90   46.67   57.80
        A4       49       8      52    85.96   48.51   62.03
        A5        1       0       0   100.00  100.00  100.00
    AM-ADV      259      43      57    85.76   81.96   83.82
    AM-CAU      106       7      30    93.81   77.94   85.14
    AM-DIR        6       3       5    66.67   54.55   60.00
    AM-DIS      220      37      60    85.60   78.57   81.94
    AM-EXT       53       6      14    89.83   79.10   84.13
    AM-LOC      576     187      51    75.49   91.87   82.88
    AM-MED        2       0       1   100.00   66.67   80.00
    AM-MNR      277      20      81    93.27   77.37   84.58
    AM-NEG      275      24      12    91.97   95.82   93.86
    AM-PNC       97      11      27    89.81   78.23   83.62
    AM-PRD       91      18      71    83.49   56.17   67.16
    AM-REC        0       0       8     0.00    0.00    0.00
    AM-TMP      893     110     116    89.03   88.50   88.77
------------------------------------------------------------
------------------------------------------------------------
