Number of Sentences    :        5100
Number of Propositions :        5100
Percentage of perfect props :  54.78

              corr.  excess  missed    prec.    rec.      F1
------------------------------------------------------------
   Overall     9481     898    2519    91.35   79.01   84.73
----------
        A0     2242     334     377    87.03   85.61   86.31
        A1     3093     383    1473    88.98   67.74   76.92
        A2     1017      64     173    94.08   85.46   89.56
        A3      127       7       8    94.78   94.07   94.42
        A4      100       3       1    97.09   99.01   98.04
        A5        1       0       0   100.00  100.00  100.00
    AM-ADV      262       8      54    97.04   82.91   89.42
    AM-CAU      119       4      17    96.75   87.50   91.89
    AM-DIR       11       0       0   100.00  100.00  100.00
    AM-DIS      251       8      29    96.91   89.64   93.14
    AM-EXT       64       0       3   100.00   95.52   97.71
    AM-LOC      548      17      79    96.99   87.40   91.95
    AM-MED        3       0       0   100.00  100.00  100.00
    AM-MNR      305      10      53    96.83   85.20   90.64
    AM-NEG      275      19      12    93.54   95.82   94.66
    AM-PNC      121       3       3    97.58   97.58   97.58
    AM-PRD      142       4      20    97.26   87.65   92.21
    AM-REC        8       2       0    80.00  100.00   88.89
    AM-TMP      792      32     217    96.12   78.49   86.42
------------------------------------------------------------
------------------------------------------------------------
