Number of Sentences    :        5100
Number of Propositions :        5100
Percentage of perfect props :  70.53

              corr.  excess  missed    prec.    rec.      F1
------------------------------------------------------------
   Overall    10455    1332    1545    88.70   87.12   87.91
----------
        A0     2344     332     275    87.59   89.50   88.54
        A1     4011     402     555    90.89   87.84   89.34
        A2      929     185     261    83.39   78.07   80.64
        A3       88       6      47    93.62   65.19   76.86
        A4       84       8      17    91.30   83.17   87.05
        A5        1       0       0   100.00  100.00  100.00
    AM-ADV      271      33      45    89.14   85.76   87.42
    AM-CAU      117      13      19    90.00   86.03   87.97
    AM-DIR        9       0       2   100.00   81.82   90.00
    AM-DIS      233      32      47    87.92   83.21   85.50
    AM-EXT       57       7      10    89.06   85.07   87.02
    AM-LOC      590     122      37    82.87   94.10   88.13
    AM-MED        2       0       1   100.00   66.67   80.00
    AM-MNR      305      47      53    86.65   85.20   85.92
    AM-NEG      274      23      13    92.26   95.47   93.84
    AM-PNC      104      20      20    83.87   83.87   83.87
    AM-PRD      120      14      42    89.55   74.07   81.08
    AM-REC        0       0       8     0.00    0.00    0.00
    AM-TMP      916      88      93    91.24   90.78   91.01
------------------------------------------------------------
------------------------------------------------------------
