Number of Sentences    :        5100
Number of Propositions :        5100
Percentage of perfect props :  44.90

              corr.  excess  missed    prec.    rec.      F1
------------------------------------------------------------
   Overall     8253    2825    3747    74.50   68.78   71.52
----------
        A0     2248     631     371    78.08   85.83   81.78
        A1     3507     693    1059    83.50   76.81   80.01
        A2      641     371     549    63.34   53.87   58.22
        A3        2       0     133   100.00    1.48    2.92
        A4        4       0      97   100.00    3.96    7.62
        A5        0       0       1     0.00    0.00    0.00
    AM-ADV       83      21     233    79.81   26.27   39.52
    AM-CAU        8       0     128   100.00    5.88   11.11
    AM-DIR        0       0      11     0.00    0.00    0.00
    AM-DIS      112      24     168    82.35   40.00   53.85
    AM-EXT        0       0      67     0.00    0.00    0.00
    AM-LOC      498     352     129    58.59   79.43   67.43
    AM-MED        0       0       3     0.00    0.00    0.00
    AM-MNR       86      66     272    56.58   24.02   33.73
    AM-NEG      264      23      23    91.99   91.99   91.99
    AM-PNC       40      16      84    71.43   32.26   44.44
    AM-PRD       17       7     145    70.83   10.49   18.28
    AM-REC        0       0       8     0.00    0.00    0.00
    AM-TMP      743     621     266    54.47   73.64   62.62
------------------------------------------------------------
------------------------------------------------------------
