Number of Sentences    :        5100
Number of Propositions :        5100
Percentage of perfect props :  67.53

              corr.  excess  missed    prec.    rec.      F1
------------------------------------------------------------
   Overall    10048    1504    1952    86.98   83.73   85.33
----------
        A0     2361     282     258    89.33   90.15   89.74
        A1     4079     434     487    90.38   89.33   89.86
        A2      850     220     340    79.44   71.43   75.22
        A3       35       4     100    89.74   25.93   40.23
        A4       46       5      55    90.20   45.54   60.53
        A5        0       0       1     0.00    0.00    0.00
    AM-ADV      227      26      89    89.72   71.84   79.79
    AM-CAU       80       3      56    96.39   58.82   73.06
    AM-DIR        0       0      11     0.00    0.00    0.00
    AM-DIS      212      34      68    86.18   75.71   80.61
    AM-EXT       30       1      37    96.77   44.78   61.22
    AM-LOC      563     160      64    77.87   89.79   83.41
    AM-MED        0       0       3     0.00    0.00    0.00
    AM-MNR      234      56     124    80.69   65.36   72.22
    AM-NEG      272      15      15    94.77   94.77   94.77
    AM-PNC       89       9      35    90.82   71.77   80.18
    AM-PRD       70      12      92    85.37   43.21   57.38
    AM-REC        0       0       8     0.00    0.00    0.00
    AM-TMP      900     243     109    78.74   89.20   83.64
------------------------------------------------------------
------------------------------------------------------------
