Number of Sentences    :        5100
Number of Propositions :        5100
Percentage of perfect props :   9.80

              corr.  excess  missed    prec.    rec.      F1
------------------------------------------------------------
   Overall     3000    1474    9000    67.05   25.00   36.42
----------
        A0     1147     680    1472    62.78   43.80   51.60
        A1     1244     621    3322    66.70   27.24   38.69
        A2      110      37    1080    74.83    9.24   16.45
        A3        0       0     135     0.00    0.00    0.00
        A4        2       0      99   100.00    1.98    3.88
        A5        0       0       1     0.00    0.00    0.00
    AM-ADV       25       1     291    96.15    7.91   14.62
    AM-CAU        0       0     136     0.00    0.00    0.00
    AM-DIR        0       0      11     0.00    0.00    0.00
    AM-DIS       26       9     254    74.29    9.29   16.51
    AM-EXT        2       0      65   100.00    2.99    5.80
    AM-LOC      156      41     471    79.19   24.88   37.86
    AM-MED        0       0       3     0.00    0.00    0.00
    AM-MNR       18       7     340    72.00    5.03    9.40
    AM-NEG       74      19     213    79.57   25.78   38.95
    AM-PNC        0       0     124     0.00    0.00    0.00
    AM-PRD        0       0     162     0.00    0.00    0.00
    AM-REC        0       0       8     0.00    0.00    0.00
    AM-TMP      196      59     813    76.86   19.43   31.01
------------------------------------------------------------
------------------------------------------------------------
