Number of Sentences    :        5100
Number of Propositions :        5100
Percentage of perfect props :   6.06

              corr.  excess  missed    prec.    rec.      F1
------------------------------------------------------------
   Overall     2091    1381    9909    60.22   17.43   27.03
----------
        A0      948     739    1671    56.19   36.20   44.03
        A1      911     544    3655    62.61   19.95   30.26
        A2       30      18    1160    62.50    2.52    4.85
        A3        0       0     135     0.00    0.00    0.00
        A4        0       0     101     0.00    0.00    0.00
        A5        0       0       1     0.00    0.00    0.00
    AM-ADV        4       3     312    57.14    1.27    2.48
    AM-CAU        0       0     136     0.00    0.00    0.00
    AM-DIR        0       0      11     0.00    0.00    0.00
    AM-DIS        5       2     275    71.43    1.79    3.48
    AM-EXT        0       0      67     0.00    0.00    0.00
    AM-LOC       40      13     587    75.47    6.38   11.76
    AM-MED        0       0       3     0.00    0.00    0.00
    AM-MNR        1       2     357    33.33    0.28    0.55
    AM-NEG       25       7     262    78.12    8.71   15.67
    AM-PNC        0       0     124     0.00    0.00    0.00
    AM-PRD        0       0     162     0.00    0.00    0.00
    AM-REC        0       0       8     0.00    0.00    0.00
    AM-TMP      127      53     882    70.56   12.59   21.36
------------------------------------------------------------
------------------------------------------------------------