Number of Sentences    :        5100
Number of Propositions :        5100
Percentage of perfect props :  96.80

              corr.  excess  missed    prec.    rec.      F1
------------------------------------------------------------
   Overall    11850      51     150    99.57   98.75   99.16
----------
        A0     2563      21      56    99.19   97.86   98.52
        A1     4506      21      60    99.54   98.69   99.11
        A2     1178       1      12    99.92   98.99   99.45
        A3      135       0       0   100.00  100.00  100.00
        A4      101       0       0   100.00  100.00  100.00
        A5        1       0       0   100.00  100.00  100.00
    AM-ADV      314       0       2   100.00   99.37   99.68
    AM-CAU      136       0       0   100.00  100.00  100.00
    AM-DIR       11       0       0   100.00  100.00  100.00
    AM-DIS      274       3       6    98.92   97.86   98.38
    AM-EXT       67       0       0   100.00  100.00  100.00
    AM-LOC      626       0       1   100.00   99.84   99.92
    AM-MED        3       0       0   100.00  100.00  100.00
    AM-MNR      355       2       3    99.44   99.16   99.30
    AM-NEG      287       0       0   100.00  100.00  100.00
    AM-PNC      124       0       0   100.00  100.00  100.00
    AM-PRD      160       0       2   100.00   98.77   99.38
    AM-REC        8       0       0   100.00  100.00  100.00
    AM-TMP     1001       3       8    99.70   99.21   99.45
------------------------------------------------------------
------------------------------------------------------------
