Number of Sentences    :        5100
Number of Propositions :        5100
Percentage of perfect props :  50.96

              corr.  excess  missed    prec.    rec.      F1
------------------------------------------------------------
   Overall     8815    2554    3185    77.54   73.46   75.44
----------
        A0     2280     544     339    80.74   87.06   83.78
        A1     3675     578     891    86.41   80.49   83.34
        A2      710     360     480    66.36   59.66   62.83
        A3        8       2     127    80.00    5.93   11.03
        A4       20       2      81    90.91   19.80   32.52
        A5        0       0       1     0.00    0.00    0.00
    AM-ADV      147      34     169    81.22   46.52   59.15
    AM-CAU       34      16     102    68.00   25.00   36.56
    AM-DIR        0       0      11     0.00    0.00    0.00
    AM-DIS      143      32     137    81.71   51.07   62.86
    AM-EXT        4       0      63   100.00    5.97   11.27
    AM-LOC      513     321     114    61.51   81.82   70.23
    AM-MED        0       0       3     0.00    0.00    0.00
    AM-MNR      123      94     235    56.68   34.36   42.78
    AM-NEG      265      24      22    91.70   92.33   92.01
    AM-PNC       58      18      66    76.32   46.77   58.00
    AM-PRD       34      12     128    73.91   20.99   32.69
    AM-REC        0       0       8     0.00    0.00    0.00
    AM-TMP      801     517     208    60.77   79.39   68.84
------------------------------------------------------------
------------------------------------------------------------
