Number of Sentences    :        5100
Number of Propositions :        5100
Percentage of perfect props :  41.84

              corr.  excess  missed    prec.    rec.      F1
------------------------------------------------------------
   Overall     8010    3275    3990    70.98   66.75   68.80
----------
        A0     2231     667     388    76.98   85.19   80.88
        A1     3421     723    1145    82.55   74.92   78.55
        A2      621     447     569    58.15   52.18   55.00
        A3        0       0     135     0.00    0.00    0.00
        A4        2       0      99   100.00    1.98    3.88
        A5        0       0       1     0.00    0.00    0.00
    AM-ADV       71      21     245    77.17   22.47   34.80
    AM-CAU        1       6     135    14.29    0.74    1.40
    AM-DIR        0       0      11     0.00    0.00    0.00
    AM-DIS      112      27     168    80.58   40.00   53.46
    AM-EXT        0       0      67     0.00    0.00    0.00
    AM-LOC      491     418     136    54.02   78.31   63.93
    AM-MED        0       0       3     0.00    0.00    0.00
    AM-MNR       54      67     304    44.63   15.08   22.55
    AM-NEG      265      24      22    91.70   92.33   92.01
    AM-PNC       50      29      74    63.29   40.32   49.26
    AM-PRD       20      11     142    64.52   12.35   20.73
    AM-REC        0       0       8     0.00    0.00    0.00
    AM-TMP      671     835     338    44.56   66.50   53.36
------------------------------------------------------------
------------------------------------------------------------
