Number of Sentences    :        5100
Number of Propositions :        5100
Percentage of perfect props :   5.04

              corr.  excess  missed    prec.    rec.      F1
------------------------------------------------------------
   Overall     1721    1315   10279    56.69   14.34   22.89
----------
        A0      812     690    1807    54.06   31.00   39.41
        A1      805     566    3761    58.72   17.63   27.12
        A2       29      17    1161    63.04    2.44    4.69
        A3        0       0     135     0.00    0.00    0.00
        A4        0       0     101     0.00    0.00    0.00
        A5        0       0       1     0.00    0.00    0.00
    AM-ADV        1       0     315   100.00    0.32    0.63
    AM-CAU        0       0     136     0.00    0.00    0.00
    AM-DIR        0       0      11     0.00    0.00    0.00
    AM-DIS       19      18     261    51.35    6.79   11.99
    AM-EXT        0       0      67     0.00    0.00    0.00
    AM-LOC       16       3     611    84.21    2.55    4.95
    AM-MED        0       0       3     0.00    0.00    0.00
    AM-MNR        1       1     357    50.00    0.28    0.56
    AM-NEG        8       1     279    88.89    2.79    5.41
    AM-PNC        0       0     124     0.00    0.00    0.00
    AM-PRD        0       0     162     0.00    0.00    0.00
    AM-REC        0       0       8     0.00    0.00    0.00
    AM-TMP       30      19     979    61.22    2.97    5.67
------------------------------------------------------------
------------------------------------------------------------