Number of Sentences    :        5100
Number of Propositions :        5100
Percentage of perfect props :  53.16

              corr.  excess  missed    prec.    rec.      F1
------------------------------------------------------------
   Overall     9034     636    2966    93.42   75.28   83.38
----------
        A0     2034     143     585    93.43   77.66   84.82
        A1     2961     442    1605    87.01   64.85   74.31
        A2      970      13     220    98.68   81.51   89.28
        A3      116       1      19    99.15   85.93   92.06
        A4       95       0       6   100.00   94.06   96.94
        A5        1       0       0   100.00  100.00  100.00
    AM-ADV      256       2      60    99.22   81.01   89.20
    AM-CAU      118       0      18   100.00   86.76   92.91
    AM-DIR        9       0       2   100.00   81.82   90.00
    AM-DIS      241       1      39    99.59   86.07   92.34
    AM-EXT       63       0       4   100.00   94.03   96.92
    AM-LOC      552       2      75    99.64   88.04   93.48
    AM-MED        2       0       1   100.00   66.67   80.00
    AM-MNR      295       0      63   100.00   82.40   90.35
    AM-NEG      257       2      30    99.23   89.55   94.14
    AM-PNC      115       0       9   100.00   92.74   96.23
    AM-PRD      142       0      20   100.00   87.65   93.42
    AM-REC        5       0       3   100.00   62.50   76.92
    AM-TMP      802      30     207    96.39   79.48   87.13
------------------------------------------------------------
------------------------------------------------------------
