Number of Sentences    :        5100
Number of Propositions :        5100
Percentage of perfect props :  96.84

              corr.  excess  missed    prec.    rec.      F1
------------------------------------------------------------
   Overall    11851      51     149    99.57   98.76   99.16
----------
        A0     2562      20      57    99.23   97.82   98.52
        A1     4508      22      58    99.51   98.73   99.12
        A2     1177       1      13    99.92   98.91   99.41
        A3      135       0       0   100.00  100.00  100.00
        A4      101       0       0   100.00  100.00  100.00
        A5        1       0       0   100.00  100.00  100.00
    AM-ADV      314       0       2   100.00   99.37   99.68
    AM-CAU      136       0       0   100.00  100.00  100.00
    AM-DIR       11       0       0   100.00  100.00  100.00
    AM-DIS      273       3       7    98.91   97.50   98.20
    AM-EXT       67       0       0   100.00  100.00  100.00
    AM-LOC      626       0       1   100.00   99.84   99.92
    AM-MED        3       0       0   100.00  100.00  100.00
    AM-MNR      355       2       3    99.44   99.16   99.30
    AM-NEG      287       0       0   100.00  100.00  100.00
    AM-PNC      124       0       0   100.00  100.00  100.00
    AM-PRD      161       0       1   100.00   99.38   99.69
    AM-REC        8       0       0   100.00  100.00  100.00
    AM-TMP     1002       3       7    99.70   99.31   99.50
------------------------------------------------------------
------------------------------------------------------------
