Number of Sentences    :        5100
Number of Propositions :        5100
Percentage of perfect props :  57.53

              corr.  excess  missed    prec.    rec.      F1
------------------------------------------------------------
   Overall     9443    2046    2557    82.19   78.69   80.40
----------
        A0     2231     583     388    79.28   85.19   82.13
        A1     3615     559     951    86.61   79.17   82.72
        A2      781     307     409    71.78   65.63   68.57
        A3       55       6      80    90.16   40.74   56.12
        A4       40       3      61    93.02   39.60   55.56
        A5        1       0       0   100.00  100.00  100.00
    AM-ADV      241      42      75    85.16   76.27   80.47
    AM-CAU       82       3      54    96.47   60.29   74.21
    AM-DIR        5       0       6   100.00   45.45   62.50
    AM-DIS      216      39      64    84.71   77.14   80.75
    AM-EXT       50       6      17    89.29   74.63   81.30
    AM-LOC      564     207      63    73.15   89.95   80.69
    AM-MED        2       0       1   100.00   66.67   80.00
    AM-MNR      241      58     117    80.60   67.32   73.36
    AM-NEG      273      24      14    91.92   95.12   93.49
    AM-PNC       90       9      34    90.91   72.58   80.72
    AM-PRD       84      18      78    82.35   51.85   63.64
    AM-REC        0       0       8     0.00    0.00    0.00
    AM-TMP      872     182     137    82.73   86.42   84.54
------------------------------------------------------------
------------------------------------------------------------
