Number of Sentences    :        5100
Number of Propositions :        5100
Percentage of perfect props :  17.24

              corr.  excess  missed    prec.    rec.      F1
------------------------------------------------------------
   Overall     4619    1313    7381    77.87   38.49   51.52
----------
        A0     1500     436    1119    77.48   57.27   65.86
        A1     1643     675    2923    70.88   35.98   47.73
        A2      245      50     945    83.05   20.59   33.00
        A3       10       0     125   100.00    7.41   13.79
        A4       10       1      91    90.91    9.90   17.86
        A5        0       0       1     0.00    0.00    0.00
    AM-ADV       73       2     243    97.33   23.10   37.34
    AM-CAU       12       0     124   100.00    8.82   16.22
    AM-DIR        0       0      11     0.00    0.00    0.00
    AM-DIS       98       5     182    95.15   35.00   51.17
    AM-EXT        7       0      60   100.00   10.45   18.92
    AM-LOC      299      59     328    83.52   47.69   60.71
    AM-MED        0       0       3     0.00    0.00    0.00
    AM-MNR       60      14     298    81.08   16.76   27.78
    AM-NEG      196      11      91    94.69   68.29   79.35
    AM-PNC       18       1     106    94.74   14.52   25.17
    AM-PRD        4       1     158    80.00    2.47    4.79
    AM-REC        0       0       8     0.00    0.00    0.00
    AM-TMP      444      58     565    88.45   44.00   58.77
------------------------------------------------------------
------------------------------------------------------------
