Number of Sentences    :        5100
Number of Propositions :        5100
Percentage of perfect props :  76.33

              corr.  excess  missed    prec.    rec.      F1
------------------------------------------------------------
   Overall    10791     932    1209    92.05   89.92   90.98
----------
        A0     2368     229     251    91.18   90.42   90.80
        A1     4158     326     408    92.73   91.06   91.89
        A2      995     102     195    90.70   83.61   87.01
        A3       98       7      37    93.33   72.59   81.67
        A4       86       5      15    94.51   85.15   89.58
        A5        1       0       0   100.00  100.00  100.00
    AM-ADV      281      35      35    88.92   88.92   88.92
    AM-CAU      120       4      16    96.77   88.24   92.31
    AM-DIR        9       0       2   100.00   81.82   90.00
    AM-DIS      236      26      44    90.08   84.29   87.08
    AM-EXT       60       3       7    95.24   89.55   92.31
    AM-LOC      601      73      26    89.17   95.85   92.39
    AM-MED        2       0       1   100.00   66.67   80.00
    AM-MNR      320      24      38    93.02   89.39   91.17
    AM-NEG      275      21      12    92.91   95.82   94.34
    AM-PNC      114       6      10    95.00   91.94   93.44
    AM-PRD      124       7      38    94.66   76.54   84.64
    AM-REC        0       0       8     0.00    0.00    0.00
    AM-TMP      943      64      66    93.64   93.46   93.55
------------------------------------------------------------
------------------------------------------------------------
