Number of Sentences    :        5100
Number of Propositions :        5100
Percentage of perfect props :   9.61

              corr.  excess  missed    prec.    rec.      F1
------------------------------------------------------------
   Overall     3395    1485    8605    69.57   28.29   40.23
----------
        A0     1318     539    1301    70.97   50.32   58.89
        A1     1349     733    3217    64.79   29.54   40.58
        A2      169      71    1021    70.42   14.20   23.64
        A3        0       0     135     0.00    0.00    0.00
        A4        3       0      98   100.00    2.97    5.77
        A5        0       0       1     0.00    0.00    0.00
    AM-ADV       24       5     292    82.76    7.59   13.91
    AM-CAU        0       0     136     0.00    0.00    0.00
    AM-DIR        0       0      11     0.00    0.00    0.00
    AM-DIS       62      16     218    79.49   22.14   34.64
    AM-EXT        0       0      67     0.00    0.00    0.00
    AM-LOC      148      77     479    65.78   23.60   34.74
    AM-MED        0       0       3     0.00    0.00    0.00
    AM-MNR        6       4     352    60.00    1.68    3.26
    AM-NEG      180      12     107    93.75   62.72   75.16
    AM-PNC        0       0     124     0.00    0.00    0.00
    AM-PRD        0       0     162     0.00    0.00    0.00
    AM-REC        0       0       8     0.00    0.00    0.00
    AM-TMP      136      28     873    82.93   13.48   23.19
------------------------------------------------------------
------------------------------------------------------------
