Number of Sentences    :        5100
Number of Propositions :        5100
Percentage of perfect props :  31.55

              corr.  excess  missed    prec.    rec.      F1
------------------------------------------------------------
   Overall     6145     676    5855    90.09   51.21   65.30
----------
        A0     1605     283    1014    85.01   61.28   71.22
        A1     1820     295    2746    86.05   39.86   54.48
        A2      496      19     694    96.31   41.68   58.18
        A3       67       1      68    98.53   49.63   66.01
        A4       56       2      45    96.55   55.45   70.44
        A5        1       0       0   100.00  100.00  100.00
    AM-ADV      185       3     131    98.40   58.54   73.41
    AM-CAU       73       0      63   100.00   53.68   69.86
    AM-DIR        3       0       8   100.00   27.27   42.86
    AM-DIS      199       4      81    98.03   71.07   82.40
    AM-EXT       40       1      27    97.56   59.70   74.07
    AM-LOC      412      19     215    95.59   65.71   77.88
    AM-MED        0       0       3     0.00    0.00    0.00
    AM-MNR      169       1     189    99.41   47.21   64.02
    AM-NEG      214       8      73    96.40   74.56   84.09
    AM-PNC       80       0      44   100.00   64.52   78.43
    AM-PRD       99       4      63    96.12   61.11   74.72
    AM-REC        2       0       6   100.00   25.00   40.00
    AM-TMP      624      36     385    94.55   61.84   74.78
------------------------------------------------------------
------------------------------------------------------------
