Number of Sentences    :        5100
Number of Propositions :        5100
Percentage of perfect props :  48.53

              corr.  excess  missed    prec.    rec.      F1
------------------------------------------------------------
   Overall     8670    2896    3330    74.96   72.25   73.58
----------
        A0     2254     513     365    81.46   86.06   83.70
        A1     3652     719     914    83.55   79.98   81.73
        A2      685     426     505    61.66   57.56   59.54
        A3        6       3     129    66.67    4.44    8.33
        A4        5       1      96    83.33    4.95    9.35
        A5        0       0       1     0.00    0.00    0.00
    AM-ADV      147      54     169    73.13   46.52   56.87
    AM-CAU       29      47     107    38.16   21.32   27.36
    AM-DIR        0       0      11     0.00    0.00    0.00
    AM-DIS      146      31     134    82.49   52.14   63.89
    AM-EXT        0       0      67     0.00    0.00    0.00
    AM-LOC      525     419     102    55.61   83.73   66.84
    AM-MED        0       0       3     0.00    0.00    0.00
    AM-MNR      113     100     245    53.05   31.56   39.58
    AM-NEG      265      25      22    91.38   92.33   91.85
    AM-PNC       58      41      66    58.59   46.77   52.02
    AM-PRD       30      21     132    58.82   18.52   28.17
    AM-REC        0       0       8     0.00    0.00    0.00
    AM-TMP      755     496     254    60.35   74.83   66.81
------------------------------------------------------------
------------------------------------------------------------
