Number of Sentences    :        5100
Number of Propositions :        5100
Percentage of perfect props :  15.35

              corr.  excess  missed    prec.    rec.      F1
------------------------------------------------------------
   Overall     4501    1741    7499    72.11   37.51   49.35
----------
        A0     1512     585    1107    72.10   57.73   64.12
        A1     1849     829    2717    69.04   40.49   51.05
        A2      242      72     948    77.07   20.34   32.18
        A3        0       0     135     0.00    0.00    0.00
        A4        3       0      98   100.00    2.97    5.77
        A5        0       0       1     0.00    0.00    0.00
    AM-ADV       34       5     282    87.18   10.76   19.15
    AM-CAU        0       0     136     0.00    0.00    0.00
    AM-DIR        0       0      11     0.00    0.00    0.00
    AM-DIS       78      15     202    83.87   27.86   41.82
    AM-EXT        0       0      67     0.00    0.00    0.00
    AM-LOC      230     113     397    67.06   36.68   47.42
    AM-MED        0       0       3     0.00    0.00    0.00
    AM-MNR       21       6     337    77.78    5.87   10.91
    AM-NEG      204      14      83    93.58   71.08   80.79
    AM-PNC        0       0     124     0.00    0.00    0.00
    AM-PRD        0       0     162     0.00    0.00    0.00
    AM-REC        0       0       8     0.00    0.00    0.00
    AM-TMP      328     102     681    76.28   32.51   45.59
------------------------------------------------------------
------------------------------------------------------------
