Number of Sentences    :        5100
Number of Propositions :        5100
Percentage of perfect props :  30.59

              corr.  excess  missed    prec.    rec.      F1
------------------------------------------------------------
   Overall     5539    1424    6461    79.55   46.16   58.42
----------
        A0     1423     457    1196    75.69   54.33   63.26
        A1     2053     628    2513    76.58   44.96   56.66
        A2      425      65     765    86.73   35.71   50.60
        A3       57       2      78    96.61   42.22   58.76
        A4       36       2      65    94.74   35.64   51.80
        A5        1       0       0   100.00  100.00  100.00
    AM-ADV      130      13     186    90.91   41.14   56.64
    AM-CAU       46       5      90    90.20   33.82   49.20
    AM-DIR        4       0       7   100.00   36.36   53.33
    AM-DIS      138      30     142    82.14   49.29   61.61
    AM-EXT       29       2      38    93.55   43.28   59.18
    AM-LOC      339      48     288    87.60   54.07   66.86
    AM-MED        2       0       1   100.00   66.67   80.00
    AM-MNR      132      13     226    91.03   36.87   52.49
    AM-NEG      109      29     178    78.99   37.98   51.29
    AM-PNC       23       2     101    92.00   18.55   30.87
    AM-PRD       74      10      88    88.10   45.68   60.16
    AM-REC        2       0       6   100.00   25.00   40.00
    AM-TMP      516     118     493    81.39   51.14   62.81
------------------------------------------------------------
------------------------------------------------------------
