Number of Sentences    :        5100
Number of Propositions :        5100
Percentage of perfect props :  30.69

              corr.  excess  missed    prec.    rec.      F1
------------------------------------------------------------
   Overall     5544    1431    6456    79.48   46.20   58.43
----------
        A0     1424     461    1195    75.54   54.37   63.23
        A1     2055     629    2511    76.56   45.01   56.69
        A2      426      64     764    86.94   35.80   50.71
        A3       57       2      78    96.61   42.22   58.76
        A4       36       2      65    94.74   35.64   51.80
        A5        1       0       0   100.00  100.00  100.00
    AM-ADV      131      12     185    91.61   41.46   57.08
    AM-CAU       46       5      90    90.20   33.82   49.20
    AM-DIR        4       0       7   100.00   36.36   53.33
    AM-DIS      141      32     139    81.50   50.36   62.25
    AM-EXT       29       2      38    93.55   43.28   59.18
    AM-LOC      337      47     290    87.76   53.75   66.67
    AM-MED        2       0       1   100.00   66.67   80.00
    AM-MNR      128      12     230    91.43   35.75   51.41
    AM-NEG      109      29     178    78.99   37.98   51.29
    AM-PNC       23       2     101    92.00   18.55   30.87
    AM-PRD       73      10      89    87.95   45.06   59.59
    AM-REC        2       0       6   100.00   25.00   40.00
    AM-TMP      520     122     489    81.00   51.54   62.99
------------------------------------------------------------
------------------------------------------------------------
