Number of Sentences    :        5100
Number of Propositions :        5100
Percentage of perfect props :  44.78

              corr.  excess  missed    prec.    rec.      F1
------------------------------------------------------------
   Overall     8237    3056    3763    72.94   68.64   70.73
----------
        A0     2233     584     386    79.27   85.26   82.16
        A1     3577     729     989    83.07   78.34   80.64
        A2      636     340     554    65.16   53.45   58.73
        A3        0       0     135     0.00    0.00    0.00
        A4       17       2      84    89.47   16.83   28.33
        A5        0       0       1     0.00    0.00    0.00
    AM-ADV      109      50     207    68.55   34.49   45.89
    AM-CAU        6       8     130    42.86    4.41    8.00
    AM-DIR        0       0      11     0.00    0.00    0.00
    AM-DIS      107      30     173    78.10   38.21   51.32
    AM-EXT        0       0      67     0.00    0.00    0.00
    AM-LOC      482     378     145    56.05   76.87   64.83
    AM-MED        0       0       3     0.00    0.00    0.00
    AM-MNR       61      63     297    49.19   17.04   25.31
    AM-NEG      265      22      22    92.33   92.33   92.33
    AM-PNC       45      30      79    60.00   36.29   45.23
    AM-PRD       20      13     142    60.61   12.35   20.51
    AM-REC        0       0       8     0.00    0.00    0.00
    AM-TMP      679     807     330    45.69   67.29   54.43
------------------------------------------------------------
------------------------------------------------------------
