Number of Sentences    :        5100
Number of Propositions :        5100
Percentage of perfect props :  17.84

              corr.  excess  missed    prec.    rec.      F1
------------------------------------------------------------
   Overall     3934    1068    8066    78.65   32.78   46.28
----------
        A0     1227     529    1392    69.87   46.85   56.09
        A1     1422     372    3144    79.26   31.14   44.72
        A2      241      23     949    91.29   20.25   33.15
        A3       39       2      96    95.12   28.89   44.32
        A4       21       0      80   100.00   20.79   34.43
        A5        1       0       0   100.00  100.00  100.00
    AM-ADV       69       4     247    94.52   21.84   35.48
    AM-CAU       23       1     113    95.83   16.91   28.75
    AM-DIR        2       0       9   100.00   18.18   30.77
    AM-DIS       53      11     227    82.81   18.93   30.81
    AM-EXT       20       1      47    95.24   29.85   45.45
    AM-LOC      250      27     377    90.25   39.87   55.31
    AM-MED        0       0       3     0.00    0.00    0.00
    AM-MNR       83      10     275    89.25   23.18   36.81
    AM-NEG       79      12     208    86.81   27.53   41.80
    AM-PNC        9       1     115    90.00    7.26   13.43
    AM-PRD       34       2     128    94.44   20.99   34.34
    AM-REC        1       0       7   100.00   12.50   22.22
    AM-TMP      360      73     649    83.14   35.68   49.93
------------------------------------------------------------
------------------------------------------------------------
