Number of Sentences    :        5100
Number of Propositions :        5100
Percentage of perfect props :  67.49

              corr.  excess  missed    prec.    rec.      F1
------------------------------------------------------------
   Overall    10047    1505    1953    86.97   83.72   85.32
----------
        A0     2362     280     257    89.40   90.19   89.79
        A1     4080     434     486    90.39   89.36   89.87
        A2      849     220     341    79.42   71.34   75.17
        A3       35       4     100    89.74   25.93   40.23
        A4       46       5      55    90.20   45.54   60.53
        A5        0       0       1     0.00    0.00    0.00
    AM-ADV      226      26      90    89.68   71.52   79.58
    AM-CAU       79       4      57    95.18   58.09   72.15
    AM-DIR        0       0      11     0.00    0.00    0.00
    AM-DIS      212      34      68    86.18   75.71   80.61
    AM-EXT       29       1      38    96.67   43.28   59.79
    AM-LOC      564     163      63    77.58   89.95   83.31
    AM-MED        0       0       3     0.00    0.00    0.00
    AM-MNR      234      56     124    80.69   65.36   72.22
    AM-NEG      272      15      15    94.77   94.77   94.77
    AM-PNC       89       9      35    90.82   71.77   80.18
    AM-PRD       70      11      92    86.42   43.21   57.61
    AM-REC        0       0       8     0.00    0.00    0.00
    AM-TMP      900     243     109    78.74   89.20   83.64
------------------------------------------------------------
------------------------------------------------------------
