Number of Sentences    :        5100
Number of Propositions :        5100
Percentage of perfect props :  51.00

              corr.  excess  missed    prec.    rec.      F1
------------------------------------------------------------
   Overall     8817    2551    3183    77.56   73.47   75.46
----------
        A0     2282     545     337    80.72   87.13   83.80
        A1     3674     575     892    86.47   80.46   83.36
        A2      711     361     479    66.32   59.75   62.86
        A3        8       2     127    80.00    5.93   11.03
        A4       20       2      81    90.91   19.80   32.52
        A5        0       0       1     0.00    0.00    0.00
    AM-ADV      147      34     169    81.22   46.52   59.15
    AM-CAU       34      16     102    68.00   25.00   36.56
    AM-DIR        0       0      11     0.00    0.00    0.00
    AM-DIS      143      32     137    81.71   51.07   62.86
    AM-EXT        4       0      63   100.00    5.97   11.27
    AM-LOC      513     321     114    61.51   81.82   70.23
    AM-MED        0       0       3     0.00    0.00    0.00
    AM-MNR      124      94     234    56.88   34.64   43.06
    AM-NEG      265      24      22    91.70   92.33   92.01
    AM-PNC       58      18      66    76.32   46.77   58.00
    AM-PRD       34      12     128    73.91   20.99   32.69
    AM-REC        0       0       8     0.00    0.00    0.00
    AM-TMP      800     515     209    60.84   79.29   68.85
------------------------------------------------------------
------------------------------------------------------------
