Number of Sentences    :        5100
Number of Propositions :        5100
Percentage of perfect props :  95.67

              corr.  excess  missed    prec.    rec.      F1
------------------------------------------------------------
   Overall    11801      87     199    99.27   98.34   98.80
----------
        A0     2550      33      69    98.72   97.37   98.04
        A1     4469      32      97    99.29   97.88   98.58
        A2     1175       9      15    99.24   98.74   98.99
        A3      135       0       0   100.00  100.00  100.00
        A4      101       2       0    98.06  100.00   99.02
        A5        1       0       0   100.00  100.00  100.00
    AM-ADV      315       1       1    99.68   99.68   99.68
    AM-CAU      136       0       0   100.00  100.00  100.00
    AM-DIR       11       0       0   100.00  100.00  100.00
    AM-DIS      274       0       6   100.00   97.86   98.92
    AM-EXT       67       0       0   100.00  100.00  100.00
    AM-LOC      626       2       1    99.68   99.84   99.76
    AM-MED        3       0       0   100.00  100.00  100.00
    AM-MNR      357       4       1    98.89   99.72   99.30
    AM-NEG      287       0       0   100.00  100.00  100.00
    AM-PNC      124       0       0   100.00  100.00  100.00
    AM-PRD      162       0       0   100.00  100.00  100.00
    AM-REC        8       0       0   100.00  100.00  100.00
    AM-TMP     1000       4       9    99.60   99.11   99.35
------------------------------------------------------------
------------------------------------------------------------
