Number of Sentences    :        5100
Number of Propositions :        5100
Percentage of perfect props :  53.12

              corr.  excess  missed    prec.    rec.      F1
------------------------------------------------------------
   Overall     9050     648    2950    93.32   75.42   83.42
----------
        A0     2033     143     586    93.43   77.63   84.80
        A1     2975     453    1591    86.79   65.16   74.43
        A2      968      12     222    98.78   81.34   89.22
        A3      116       1      19    99.15   85.93   92.06
        A4       93       0       8   100.00   92.08   95.88
        A5        1       0       0   100.00  100.00  100.00
    AM-ADV      255       2      61    99.22   80.70   89.01
    AM-CAU      118       0      18   100.00   86.76   92.91
    AM-DIR        9       0       2   100.00   81.82   90.00
    AM-DIS      244       1      36    99.59   87.14   92.95
    AM-EXT       63       0       4   100.00   94.03   96.92
    AM-LOC      552       2      75    99.64   88.04   93.48
    AM-MED        2       0       1   100.00   66.67   80.00
    AM-MNR      297       0      61   100.00   82.96   90.69
    AM-NEG      257       2      30    99.23   89.55   94.14
    AM-PNC      115       0       9   100.00   92.74   96.23
    AM-PRD      142       0      20   100.00   87.65   93.42
    AM-REC        5       0       3   100.00   62.50   76.92
    AM-TMP      805      32     204    96.18   79.78   87.22
------------------------------------------------------------
------------------------------------------------------------
