Number of Sentences    :        5100
Number of Propositions :        5100
Percentage of perfect props :  76.37

              corr.  excess  missed    prec.    rec.      F1
------------------------------------------------------------
   Overall    10789     937    1211    92.01   89.91   90.95
----------
        A0     2370     233     249    91.05   90.49   90.77
        A1     4158     324     408    92.77   91.06   91.91
        A2      995     103     195    90.62   83.61   86.98
        A3       97       7      38    93.27   71.85   81.17
        A4       86       5      15    94.51   85.15   89.58
        A5        1       0       0   100.00  100.00  100.00
    AM-ADV      281      34      35    89.21   88.92   89.06
    AM-CAU      119       4      17    96.75   87.50   91.89
    AM-DIR        9       0       2   100.00   81.82   90.00
    AM-DIS      236      26      44    90.08   84.29   87.08
    AM-EXT       60       3       7    95.24   89.55   92.31
    AM-LOC      600      75      27    88.89   95.69   92.17
    AM-MED        2       0       1   100.00   66.67   80.00
    AM-MNR      319      26      39    92.46   89.11   90.75
    AM-NEG      275      20      12    93.22   95.82   94.50
    AM-PNC      114       6      10    95.00   91.94   93.44
    AM-PRD      124       7      38    94.66   76.54   84.64
    AM-REC        0       0       8     0.00    0.00    0.00
    AM-TMP      943      64      66    93.64   93.46   93.55
------------------------------------------------------------
------------------------------------------------------------
