Number of Sentences    :        5100
Number of Propositions :        5100
Percentage of perfect props :  87.65

              corr.  excess  missed    prec.    rec.      F1
------------------------------------------------------------
   Overall    11367     370     633    96.85   94.72   95.77
----------
        A0     2464     101     155    96.06   94.08   95.06
        A1     4331     162     235    96.39   94.85   95.62
        A2     1079      35     111    96.86   90.67   93.66
        A3      129       4       6    96.99   95.56   96.27
        A4      100       3       1    97.09   99.01   98.04
        A5        1       0       0   100.00  100.00  100.00
    AM-ADV      302       4      14    98.69   95.57   97.11
    AM-CAU      129       2       7    98.47   94.85   96.63
    AM-DIR       10       1       1    90.91   90.91   90.91
    AM-DIS      259       9      21    96.64   92.50   94.53
    AM-EXT       65       0       2   100.00   97.01   98.48
    AM-LOC      617      11      10    98.25   98.41   98.33
    AM-MED        3       0       0   100.00  100.00  100.00
    AM-MNR      346       8      12    97.74   96.65   97.19
    AM-NEG      284       8       3    97.26   98.95   98.10
    AM-PNC      120       3       4    97.56   96.77   97.17
    AM-PRD      151       1      11    99.34   93.21   96.18
    AM-REC        6       0       2   100.00   75.00   85.71
    AM-TMP      971      18      38    98.18   96.23   97.20
------------------------------------------------------------
------------------------------------------------------------
